cam0:
  cam_overlaps: []
  camera_model: pinhole
  distortion_coeffs: [0.08835867344005614, -0.17582181007493555, -0.0007737338957271172,
    0.0018234526309177789]
  distortion_model: radtan
  intrinsics: [556.1509285611537, 555.7832014934567, 312.92260884019817, 237.39408915720827]
  resolution: [640, 480]
  rostopic: /cam0/image_raw
