cam0:
  T_cam_imu:
  - [-0.051030696097385364, 0.9975237755166009, -0.04839612933821702, 3.466538316094177e-05]
  - [-0.3366903420248702, 0.028438631418305327, 0.9411858784694067, -2.075079100881455e-05]
  - [0.9402316106380338, 0.06432387987488714, 0.33440537799929126, 1.8348897788689628e-05]
  - [0.0, 0.0, 0.0, 1.0]
  cam_overlaps: []
  camera_model: pinhole
  distortion_coeffs: [0.08581826678979246, -0.17702981246415664, 0.0006848631497501996,
    0.0012183109880680157]
  distortion_model: radtan
  intrinsics: [547.4384758344243, 547.2516744138916, 310.99370118230905, 236.01036595351118]
  resolution: [640, 480]
  rostopic: /cam0/image_raw
  timeshift_cam_imu: 8.75924215012571e-05
