cam0:
  cam_overlaps: []
  camera_model: pinhole
  distortion_coeffs: [0.11656318261771954, -0.24843858994525994, 0.0024828245498338085,
    0.0002861686998457536]
  distortion_model: radtan
  intrinsics: [595.1923220651457, 596.4984108892228, 310.556854577192, 232.11531143398122]
  resolution: [640, 480]
  rostopic: /camera/image_raw
