cam0:
  T_cam_imu:
  - [-0.019771264331816696, 0.9978317539322681, -0.06277649202666519, -3.763459386498772e-06]
  - [-0.4220816348145077, 0.04858898434598241, 0.9052547730625546, 1.5139099545808696e-05]
  - [0.9063422039489462, 0.04439483578839326, 0.4202057923164405, 6.837055185822518e-07]
  - [0.0, 0.0, 0.0, 1.0]
  cam_overlaps: []
  camera_model: pinhole
  distortion_coeffs: [0.10240878972283325, -0.22256459241259008, 0.0006654670145051785,
    0.0007786769239124834]
  distortion_model: radtan
  intrinsics: [593.8676185604656, 593.4682149093242, 308.4372704505001, 236.74073529895168]
  resolution: [640, 480]
  rostopic: /camera/image_raw
  timeshift_cam_imu: -0.7706614296119761
