cam0:
  T_cam_imu:
  - [-0.06185135017058779, 0.9976849277316366, -0.028270045263401378, 5.166683540889814e-05]
  - [-0.3532176857107337, 0.00461115413672869, 0.935529798434385, -9.64230457390751e-06]
  - [0.9334943368779636, 0.06784926112086087, 0.35211475513264784, 2.132434824355434e-05]
  - [0.0, 0.0, 0.0, 1.0]
  cam_overlaps: []
  camera_model: pinhole
  distortion_coeffs: [0.09359452374899628, -0.19895049532098996, 0.00011229007778445634,
    0.0013797359497252448]
  distortion_model: radtan
  intrinsics: [573.2479182544228, 573.0822324407918, 311.5039306260144, 236.8798974171861]
  resolution: [640, 480]
  rostopic: /cam0/image_raw
  timeshift_cam_imu: -0.00011027867867357818
