cam0:
  T_cam_imu:
  - [-0.044781199400036165, 0.9959997480571217, -0.077324938088833, 4.3670607258214085e-05]
  - [-0.3355426542957424, 0.057909911050968266, 0.9402433564509959, 6.355181558140505e-05]
  - [0.9409600264243214, 0.06805104019937247, 0.33160712386696595, 3.8755780323093295e-05]
  - [0.0, 0.0, 0.0, 1.0]
  cam_overlaps: []
  camera_model: pinhole
  distortion_coeffs: [0.08835867344005614, -0.17582181007493555, -0.0007737338957271172,
    0.0018234526309177789]
  distortion_model: radtan
  intrinsics: [556.1509285611537, 555.7832014934567, 312.92260884019817, 237.39408915720827]
  resolution: [640, 480]
  rostopic: /cam0/image_raw
  timeshift_cam_imu: -0.00015371715846714868
