cam0:
  T_cam_imu:
  - [-0.0464259977013633, 0.9985364680558457, -0.027740740797433938, -1.2266343582058845e-05]
  - [-0.4329273207000163, 0.00491404100477949, 0.9014154354083965, 1.6814189378571603e-05]
  - [0.9002325042615039, 0.05385883551991033, 0.43206557848028243, -5.8953130597613625e-06]
  - [0.0, 0.0, 0.0, 1.0]
  cam_overlaps: []
  camera_model: pinhole
  distortion_coeffs: [0.11656318261771954, -0.24843858994525994, 0.0024828245498338085,
    0.0002861686998457536]
  distortion_model: radtan
  intrinsics: [595.1923220651457, 596.4984108892228, 310.556854577192, 232.11531143398122]
  resolution: [640, 480]
  rostopic: /camera/image_raw
  timeshift_cam_imu: -0.6524575905289585
