image_width: 640
image_height: 480
camera_name: narrow_stereo
camera_matrix:
  rows: 3
  cols: 3
  # Format: [fx, 0, cx, 0, fy, cy, 0, 0, 1]
  data: [593.867618, 0.000000, 308.437270, 0.000000, 593.468214, 236.740735, 0.000000, 0.000000, 1.000000]
distortion_model: plumb_bob
distortion_coefficients:
  rows: 1
  cols: 5
  # Format: [k1, k2, p1, p2, k3]. We pad k3 with 0.0
  data: [0.102408, -0.222564, 0.000665, 0.000778, 0.000000]
rectification_matrix:
  rows: 3
  cols: 3
  data: [1.000000, 0.000000, 0.000000, 0.000000, 1.000000, 0.000000, 0.000000, 0.000000, 1.000000]
projection_matrix:
  rows: 3
  cols: 4
  # Format: [fx, 0, cx, 0, 0, fy, cy, 0, 0, 0, 1, 0]
  data: [593.867618, 0.000000, 308.437270, 0.000000, 0.000000, 593.468214, 236.740735, 0.000000, 0.000000, 0.000000, 1.000000, 0.000000]